1CNN_hfs.cat
9.17979e+01 7.61666e-02 5.63474e-02
7.16286e+01 6.36695e-02 1.48070e-01
2.32762e+02 7.98301e-02 5.28346e-02
2.47639e+02 4.88859e-02 5.22559e-02
2.34726e+11 2.87768e+11 3.69303e+10
3.29844e+11 3.85490e+10 6.19557e+10
1.28329e+11 3.21656e+10 3.09463e+10
2.87733e+11 3.39991e+10 3.63911e+10
6.03319e+00 5.37474e-04 7.48791e-04
5.57610e+00 2.74021e-03 3.29999e-03
5.76562e+00 2.70735e-03 9.66887e-03
5.89423e+00 5.26745e-03 2.69869e-03
6.01763e+00 2.55041e-03 2.73577e-03
1.26044e-01 3.82256e-04 3.16155e-04
