2CNN_hfs.cat
1.67498e+02 7.65808e+01 6.27813e+01
1.09053e+02 4.66817e+01 4.39069e+01
2.48816e+02 7.89411e+01 7.35781e+01
6.77326e+01 6.53116e+01 2.42958e+01
1.18269e+11 1.52685e+10 1.40543e+10
1.80765e+11 2.98637e+10 1.93678e+10
1.27200e+11 1.70013e+10 1.60694e+10
2.78355e+11 6.67092e+10 4.36344e+10
8.73730e+00 3.54744e-01 3.49803e-01
5.58855e+00 6.95161e-03 7.40326e-03
5.76713e+00 2.82724e-03 2.58830e-03
5.88888e+00 5.17853e-03 5.22210e-03
6.02281e+00 3.00861e-03 2.91410e-03
1.24877e-01 1.00104e-02 8.81541e-03
